0, 0, 0, 0
0, 0, 0, 0
0, 0, 0, 0
0, 0, 0, 0
0, 0, 0, 0
0, 0, 0, 0
0, 0, 0, 0
0, 0, 0, 0
0, 0, 0, 0
0, 0, 0, 0
0, 0, 0, 0
0, 0, 0, 0
0, 0, 0, 0
0, 0, 0, 0
0, 0, 0, 0
0, 0, 0, 0
0, 0, 0, 0
0, 0, 0, 0
0, 0, 0, 0
0, 0, 0, 0
0, 0, 0, 0
0, 0, 0, 0
0, 0, 0, 0
0, 0, 0, 0
0, 0, 0, 0
0, 0, 0, 0
0, 0, 0, 0
0, 0, 0, 0
0, 0, 0, 0
0, 0, 0, 0
0, 0, 0, 0
0, 0, 0, 0
0, 0, 0, 0
0, 0, 0, 0
0, 0, 0, 0
0, 0, 0, 0
0, 0, 0, 0
0, 0, 0, 0
0, 0, 0, 0
0, 0, 0, 0
0, 0, 0, 0
1503, 1514, 1508, 1004
1503, 1514, 1508, 1004
1503, 1514, 1508, 1004
1503, 1514, 1508, 1004
1503, 1514, 1508, 1004
1503, 1514, 1508, 1004
1503, 1514, 1508, 1004
1503, 1514, 1508, 1004
1503, 1514, 1508, 1004
1503, 1514, 1508, 1004
1503, 1514, 1508, 1004
1503, 1514, 1508, 1004
1503, 1514, 1508, 1004
1503, 1514, 1804, 997
1503, 1514, 1804, 997
1503, 1514, 1804, 997
1503, 1514, 1804, 997
1503, 1514, 1804, 997
1503, 1514, 1804, 997
1503, 1514, 1804, 997
1503, 1514, 1804, 997
1503, 1514, 1804, 997
1503, 1514, 1804, 997
1503, 1514, 1804, 997
1503, 1514, 1804, 997
1503, 1514, 1804, 997
1503, 1514, 1804, 997
1503, 1514, 1804, 997
1503, 1514, 1804, 997
1503, 1514, 1804, 997
1503, 1514, 1804, 997
1503, 1514, 1804, 997
1503, 1514, 1804, 997
1503, 1514, 1804, 997
1503, 1514, 1804, 997
1503, 1514, 1804, 997
1503, 1514, 1804, 997
1503, 1514, 1804, 997
1503, 1514, 1804, 997
1503, 1514, 1804, 997
1503, 1514, 1804, 997
1503, 1514, 1804, 997
1503, 1514, 1804, 997
1503, 1514, 1804, 997
1503, 1514, 1804, 997
1503, 1514, 1804, 997
1503, 1514, 1804, 997
1503, 1514, 1804, 997
1503, 1514, 1804, 997
1503, 1514, 1804, 997
1503, 1514, 1804, 997
1503, 1514, 1804, 997
1503, 1514, 1804, 997
1503, 1514, 1804, 997
1503, 1514, 1804, 997
1503, 1514, 1804, 997
1503, 1514, 1804, 997
1503, 1514, 1804, 997
1503, 1514, 1804, 997
1503, 1514, 1804, 997
1503, 1514, 1804, 997
1503, 1514, 1804, 997
1503, 1514, 1505, 1001
1503, 1514, 1505, 1001
1503, 1514, 1505, 1001
1503, 1514, 1505, 1001
1503, 1514, 1505, 1001
1503, 1514, 1505, 1001
1503, 1514, 1505, 1001
1503, 1514, 1505, 1001
1503, 1514, 1505, 1001
1503, 1514, 1505, 1001
1503, 1514, 1505, 1001
1503, 1514, 1505, 1001
1503, 1514, 1505, 1001
1503, 1514, 1505, 1001
1503, 1514, 1505, 1001
1503, 1514, 1505, 1001
1503, 1514, 1505, 1001
1503, 1514, 1505, 1001
1503, 1514, 1505, 1001
1503, 1514, 1505, 1001
1503, 1514, 1505, 1001
1503, 1514, 1505, 1001
1503, 1514, 1505, 1001
1503, 1514, 1505, 1001
1503, 1514, 1505, 1001
1503, 1514, 1505, 1001
1503, 1514, 1505, 1001
1503, 1514, 1505, 1001
1503, 1514, 1505, 1001
1503, 1514, 1505, 1001
1503, 1514, 1505, 1001
1503, 1514, 1505, 1001
1503, 1514, 1505, 1001
1503, 1514, 1505, 1001
1503, 1514, 1505, 1001
1503, 1514, 1505, 1001
1503, 1514, 1505, 1001
1503, 1514, 1505, 1001
1503, 1514, 1505, 1001
1503, 1514, 1505, 1001
1503, 1514, 1505, 1001
1503, 1514, 1505, 1001
1503, 1514, 1505, 1001
1503, 1514, 1505, 1001
1503, 1514, 1505, 1001
1503, 1514, 1505, 1001
1503, 1514, 1505, 1001
1503, 1514, 1505, 1001
1503, 1514, 1505, 1001
1503, 1514, 1505, 1001
1503, 1514, 1505, 1001
1503, 1514, 1505, 1001
1503, 1514, 1505, 1001
1503, 1514, 1505, 1001
1503, 1514, 1505, 1001
1503, 1514, 1505, 1001
1503, 1514, 1505, 1001
1503, 1514, 1505, 1001
1503, 1514, 1505, 1001
1503, 1514, 1505, 1001
1503, 1514, 1505, 1001
1503, 1514, 1505, 1001
1503, 1514, 1505, 1001
1503, 1514, 1505, 1001
1503, 1514, 1505, 1001
1503, 1514, 1505, 1001
1503, 1514, 1505, 1001
1503, 1514, 1505, 1001
1503, 1514, 1505, 1001
1503, 1514, 1505, 1001
1503, 1514, 1505, 1001
1503, 1514, 1505, 1001
1503, 1514, 1505, 1001
1503, 1514, 1505, 1001
1503, 1514, 1505, 1001
1503, 1514, 1505, 1001
1503, 1514, 1505, 1001
1503, 1514, 1505, 1001
1503, 1514, 1505, 1001
1503, 1514, 1505, 1001
1503, 1514, 1505, 1001
1503, 1514, 1507, 1424
1503, 1514, 1507, 1430
1503, 1514, 1507, 1438
1503, 1514, 1507, 1448
1503, 1514, 1507, 1455
1503, 1514, 1507, 1461
1503, 1514, 1507, 1467
1503, 1514, 1507, 1473
1503, 1514, 1507, 1479
1503, 1514, 1507, 1487
1503, 1514, 1507, 1497
1503, 1514, 1507, 1500
1503, 1514, 1507, 1500
1503, 1514, 1507, 1508
1503, 1514, 1507, 1513
1503, 1514, 1507, 1516
1503, 1514, 1507, 1516
1503, 1514, 1507, 1518
1503, 1514, 1507, 1522
1503, 1514, 1507, 1527
1503, 1514, 1507, 1527
1503, 1514, 1507, 1527
1503, 1514, 1507, 1527
1503, 1514, 1507, 1534
1503, 1514, 1507, 1539
1503, 1514, 1507, 1541
1503, 1514, 1507, 1541
1503, 1514, 1507, 1541
1503, 1514, 1507, 1541
1503, 1514, 1507, 1541
1503, 1514, 1507, 1541
1503, 1514, 1507, 1541
1503, 1514, 1507, 1541
1503, 1514, 1507, 1541
1503, 1514, 1507, 1541
1503, 1514, 1507, 1541
1503, 1514, 1507, 1541
1503, 1514, 1507, 1541
1503, 1514, 1507, 1541
1503, 1514, 1507, 1541
1503, 1514, 1507, 1541
1503, 1514, 1507, 1541
1503, 1514, 1507, 1541
1503, 1514, 1507, 1541
1503, 1514, 1507, 1541
1503, 1514, 1507, 1541
1503, 1514, 1507, 1541
1503, 1514, 1507, 1541
1503, 1514, 1507, 1541
1503, 1514, 1507, 1541
1503, 1514, 1507, 1541
1503, 1514, 1507, 1541
1503, 1514, 1507, 1541
1503, 1514, 1507, 1541
1503, 1514, 1507, 1541
1503, 1514, 1507, 1541
1503, 1514, 1507, 1541
1503, 1514, 1507, 1541
1503, 1514, 1507, 1541
1503, 1514, 1507, 1541
1503, 1514, 1507, 1541
1503, 1514, 1507, 1541
1503, 1514, 1507, 1541
1503, 1514, 1507, 1541
1503, 1514, 1507, 1541
1503, 1514, 1507, 1541
1503, 1514, 1507, 1541
1503, 1514, 1507, 1541
1503, 1514, 1507, 1541
1503, 1514, 1507, 1541
1503, 1514, 1507, 1541
1503, 1514, 1507, 1541
1503, 1514, 1507, 1541
1503, 1514, 1507, 1541
1503, 1514, 1507, 1541
1503, 1514, 1507, 1534
1503, 1514, 1507, 1521
1503, 1514, 1507, 1515
1503, 1514, 1507, 1515
1503, 1514, 1507, 1515
1503, 1514, 1507, 1515
1503, 1514, 1507, 1515
1503, 1514, 1507, 1515
1503, 1514, 1507, 1515
1503, 1514, 1507, 1513
1503, 1514, 1507, 1513
1503, 1514, 1507, 1513
1503, 1514, 1507, 1513
1503, 1514, 1507, 1513
1503, 1514, 1507, 1513
1503, 1514, 1507, 1513
1503, 1514, 1507, 1513
1503, 1514, 1507, 1513
1503, 1514, 1507, 1513
1503, 1514, 1507, 1513
1503, 1514, 1507, 1513
1503, 1514, 1507, 1513
1503, 1514, 1507, 1513
1503, 1514, 1507, 1510
1503, 1514, 1507, 1501
1503, 1514, 1507, 1496
1503, 1514, 1507, 1496
1503, 1514, 1507, 1496
1503, 1514, 1507, 1496
1503, 1514, 1507, 1494
1503, 1514, 1507, 1494
1503, 1514, 1507, 1494
1503, 1514, 1507, 1499
1503, 1514, 1507, 1536
1503, 1514, 1507, 1546
1503, 1514, 1507, 1546
1503, 1514, 1507, 1548
1503, 1514, 1507, 1548
1503, 1514, 1507, 1548
1503, 1514, 1507, 1548
1503, 1514, 1507, 1548
1503, 1514, 1507, 1548
1503, 1514, 1507, 1548
1503, 1514, 1507, 1548
1503, 1514, 1507, 1548
1503, 1514, 1507, 1548
1503, 1514, 1507, 1548
1503, 1514, 1507, 1548
1503, 1514, 1507, 1548
1503, 1514, 1507, 1541
1503, 1514, 1507, 1531
1503, 1514, 1507, 1526
1503, 1514, 1507, 1526
1503, 1514, 1507, 1526
1503, 1514, 1507, 1526
1503, 1514, 1507, 1526
1503, 1514, 1507, 1526
1503, 1514, 1507, 1516
1503, 1514, 1507, 1507
1503, 1514, 1507, 1507
1503, 1514, 1507, 1507
1503, 1514, 1507, 1507
1503, 1514, 1507, 1507
1503, 1514, 1503, 1505
1503, 1514, 1501, 1486
1503, 1514, 1501, 1453
1503, 1514, 1501, 1446
1503, 1514, 1503, 1443
1503, 1514, 1503, 1434
1503, 1514, 1503, 1434
1503, 1514, 1503, 1427
1503, 1514, 1503, 1410
1503, 1514, 1503, 1372
1503, 1514, 1505, 1337
1503, 1514, 1505, 1290
1503, 1514, 1505, 1220
1503, 1514, 1505, 1186
1503, 1514, 1495, 1154
1503, 1514, 1490, 1122
1503, 1514, 1488, 1054
1503, 1514, 1488, 1021
1503, 1514, 1490, 1008
1503, 1514, 1501, 1006
1503, 1514, 1501, 1006
1503, 1514, 1501, 1006
1503, 1514, 1492, 1006
1503, 1514, 1478, 1006
1503, 1514, 1473, 1006
1503, 1514, 1468, 1006
1503, 1514, 1461, 1006
1503, 1514, 1458, 1006
1503, 1514, 1454, 1006
1503, 1514, 1444, 1006
1503, 1514, 1403, 1006
1503, 1514, 1347, 1006
1503, 1514, 1257, 1006
1503, 1514, 1203, 1010
1503, 1514, 1203, 1040
1503, 1514, 1203, 1081
1503, 1514, 1203, 1122
1503, 1514, 1203, 1167
1503, 1514, 1203, 1187
1503, 1514, 1203, 1195
1503, 1514, 1203, 1225
1503, 1514, 1203, 1245
1503, 1514, 1203, 1260
1503, 1514, 1203, 1272
1503, 1514, 1203, 1288
1503, 1514, 1203, 1310
1503, 1514, 1203, 1324
1503, 1514, 1203, 1332
1503, 1514, 1203, 1339
1503, 1514, 1203, 1342
1503, 1514, 1203, 1344
1503, 1514, 1239, 1326
1503, 1514, 1293, 1288
1503, 1514, 1343, 1236
1503, 1514, 1388, 1182
1503, 1514, 1450, 1106
1503, 1514, 1483, 1074
1503, 1514, 1504, 1046
1503, 1514, 1511, 1010
1503, 1514, 1511, 1007
1503, 1514, 1511, 1007
1503, 1514, 1511, 1007
1503, 1514, 1511, 1007
1503, 1514, 1511, 1007
1503, 1514, 1511, 1007
1503, 1514, 1511, 1007
1503, 1514, 1509, 1007
1503, 1514, 1509, 1007
1503, 1514, 1509, 1007
1503, 1514, 1509, 1007
1503, 1514, 1509, 1007
1503, 1514, 1509, 1007
1503, 1514, 1509, 1007
1503, 1514, 1509, 1007
1503, 1514, 1509, 1007
1503, 1514, 1509, 1007
1503, 1514, 1509, 1007
1503, 1514, 1509, 1007
1503, 1514, 1509, 1007
1503, 1514, 1509, 1005
1503, 1514, 1509, 1005
1503, 1514, 1509, 1005
1503, 1514, 1509, 1005
1503, 1514, 1509, 1005
1503, 1514, 1509, 1005
1503, 1514, 1509, 1005
1503, 1514, 1509, 1005
1503, 1514, 1509, 1005
1503, 1514, 1509, 1005
1503, 1514, 1509, 1005
1503, 1514, 1509, 1005
1503, 1514, 1509, 1005
1503, 1514, 1509, 1005
1503, 1514, 1509, 1005
1503, 1514, 1509, 1005
1503, 1514, 1509, 1005
1503, 1514, 1509, 1005
1503, 1514, 1509, 1012
1503, 1514, 1509, 1015
1503, 1514, 1509, 1017
1503, 1514, 1509, 1017
1503, 1514, 1509, 1017
1503, 1514, 1509, 1017
1503, 1514, 1509, 1017
1503, 1514, 1509, 1017
1503, 1514, 1509, 1017
1503, 1514, 1509, 1017
1503, 1514, 1509, 1017
1503, 1514, 1509, 1017
1503, 1514, 1509, 1017
1503, 1514, 1509, 1017
1503, 1514, 1509, 1017
1503, 1514, 1509, 1017
1503, 1514, 1509, 1017
1503, 1514, 1509, 1017
1503, 1514, 1509, 1017
1503, 1514, 1509, 1017
1503, 1514, 1509, 1017
1503, 1514, 1509, 1017
1503, 1514, 1509, 1017
1503, 1514, 1509, 1017
1503, 1514, 1509, 1017
1503, 1514, 1509, 1017
1503, 1514, 1509, 1017
1503, 1514, 1509, 1017
1503, 1514, 1509, 1017
1503, 1514, 1509, 1017
1503, 1514, 1509, 1017
1503, 1514, 1509, 1017
1503, 1514, 1509, 1017
1503, 1514, 1509, 1017
1503, 1514, 1509, 1017
1503, 1514, 1509, 1017
1503, 1514, 1509, 1017
1503, 1514, 1509, 1017
1503, 1514, 1509, 1017
1503, 1514, 1509, 1017
1503, 1514, 1509, 1017
1503, 1514, 1509, 1017
1503, 1514, 1509, 1017
1503, 1514, 1509, 1017
1503, 1514, 1509, 1017
1503, 1514, 1509, 1017
1503, 1514, 1509, 1017
1503, 1514, 1509, 1017
1503, 1514, 1509, 1017
1503, 1514, 1509, 1017
1503, 1514, 1509, 1017
1503, 1514, 1509, 1017
1503, 1514, 1509, 1017
1503, 1514, 1509, 1017
1503, 1514, 1509, 1017
1503, 1514, 1509, 1017
1503, 1514, 1509, 1017
1503, 1514, 1509, 1017
1503, 1514, 1509, 1017
1503, 1514, 1509, 1017
1503, 1514, 1509, 1017
1503, 1514, 1509, 1017
1503, 1514, 1509, 1017
1503, 1514, 1509, 1017
1503, 1514, 1509, 1017
1503, 1514, 1509, 1017
1503, 1514, 1509, 1017
1503, 1514, 1509, 1017
1503, 1514, 1509, 1017
1503, 1514, 1509, 1017
1503, 1514, 1509, 1017
1503, 1514, 1509, 1017
1503, 1514, 1509, 1017
1503, 1514, 1509, 1017
1503, 1514, 1509, 1017
1503, 1514, 1509, 1017
1503, 1514, 1509, 1017
