0, 0, 0, 0
0, 0, 0, 0
1506, 1510, 1507, 1002
1506, 1510, 1507, 1002
1506, 1510, 1507, 1002
1506, 1510, 1507, 1002
1506, 1510, 1507, 1002
1506, 1510, 1507, 1002
1506, 1510, 1507, 1002
1506, 1510, 1507, 1002
1506, 1510, 1509, 1002
1506, 1510, 1509, 1002
1506, 1510, 1509, 1002
1506, 1510, 1509, 1002
1506, 1510, 1509, 1002
1506, 1510, 1509, 1002
1506, 1510, 1509, 1002
1506, 1510, 1509, 1002
1506, 1510, 1509, 1002
1506, 1510, 1509, 1002
1506, 1510, 1509, 1002
1506, 1510, 1509, 1002
1506, 1510, 1509, 1002
1506, 1510, 1509, 1002
1506, 1510, 1509, 1002
1506, 1510, 1509, 1002
1506, 1510, 1509, 1002
1506, 1510, 1509, 1002
1506, 1510, 1777, 993
1506, 1510, 1777, 993
1506, 1510, 1777, 993
1506, 1510, 1805, 986
1506, 1510, 1805, 986
1506, 1510, 1805, 986
1506, 1510, 1805, 986
1506, 1510, 1805, 986
1506, 1510, 1805, 986
1506, 1510, 1805, 986
1506, 1510, 1805, 986
1506, 1510, 1805, 986
1506, 1510, 1805, 986
1506, 1510, 1805, 986
1506, 1510, 1805, 986
1506, 1510, 1805, 986
1506, 1510, 1805, 986
1506, 1510, 1805, 986
1506, 1510, 1805, 986
1506, 1510, 1805, 986
1506, 1510, 1805, 986
1506, 1510, 1805, 986
1506, 1510, 1805, 986
1506, 1510, 1805, 986
1506, 1510, 1805, 986
1506, 1510, 1805, 986
1506, 1510, 1805, 986
1506, 1510, 1805, 986
1506, 1510, 1805, 986
1506, 1510, 1805, 986
1506, 1510, 1805, 986
1506, 1510, 1805, 986
1506, 1510, 1805, 986
1506, 1510, 1805, 986
1506, 1510, 1805, 986
1506, 1510, 1805, 986
1506, 1510, 1805, 986
1506, 1510, 1805, 986
1506, 1510, 1805, 986
1506, 1510, 1805, 986
1506, 1510, 1805, 986
1506, 1510, 1805, 986
1506, 1510, 1805, 986
1506, 1510, 1805, 986
1506, 1510, 1805, 986
1506, 1510, 1805, 986
1506, 1510, 1805, 986
1506, 1510, 1805, 986
1506, 1510, 1805, 986
1506, 1510, 1805, 986
1506, 1510, 1805, 986
1506, 1510, 1805, 986
1506, 1510, 1805, 986
1506, 1510, 1805, 986
1506, 1510, 1805, 986
1506, 1510, 1805, 986
1506, 1510, 1805, 986
1506, 1510, 1805, 986
1506, 1510, 1805, 986
1506, 1510, 1805, 986
1506, 1510, 1805, 986
1506, 1510, 1805, 986
1506, 1510, 1805, 986
1506, 1510, 1805, 986
1506, 1510, 1805, 986
1506, 1510, 1805, 986
1506, 1510, 1805, 986
1506, 1510, 1805, 986
1506, 1510, 1805, 986
1506, 1510, 1805, 986
1506, 1510, 1805, 986
1506, 1510, 1805, 986
1506, 1510, 1805, 986
1506, 1510, 1805, 986
1506, 1510, 1805, 986
1506, 1510, 1805, 986
1506, 1510, 1805, 986
1506, 1510, 1805, 986
1506, 1510, 1805, 986
1506, 1510, 1805, 986
1506, 1510, 1805, 986
1506, 1510, 1805, 986
1506, 1510, 1805, 986
1506, 1510, 1805, 986
1506, 1510, 1805, 986
1506, 1510, 1805, 986
1506, 1510, 1805, 986
1506, 1510, 1805, 986
1506, 1510, 1805, 986
1506, 1510, 1805, 986
1506, 1510, 1805, 986
1506, 1510, 1805, 986
1506, 1510, 1805, 986
1506, 1510, 1805, 986
1506, 1510, 1805, 986
1506, 1510, 1805, 986
1506, 1510, 1805, 986
1506, 1510, 1805, 986
1506, 1510, 1805, 986
1506, 1510, 1805, 986
1506, 1510, 1805, 986
1506, 1510, 1805, 986
1506, 1510, 1805, 986
1506, 1510, 1805, 986
1506, 1510, 1805, 986
1506, 1510, 1805, 986
1506, 1510, 1805, 986
1506, 1510, 1805, 986
1506, 1510, 1805, 986
1506, 1510, 1805, 986
1506, 1510, 1805, 986
1506, 1510, 1805, 986
1506, 1510, 1805, 986
1506, 1510, 1805, 986
1506, 1510, 1805, 986
1506, 1510, 1805, 986
1506, 1510, 1805, 986
1506, 1510, 1805, 986
1506, 1510, 1805, 986
1506, 1510, 1805, 986
1506, 1510, 1805, 986
1506, 1510, 1805, 986
1506, 1510, 1805, 986
1506, 1510, 1805, 986
1506, 1510, 1805, 986
1506, 1510, 1805, 986
1506, 1510, 1805, 986
1506, 1510, 1805, 986
1506, 1510, 1805, 986
1506, 1510, 1805, 986
1506, 1510, 1805, 986
1506, 1510, 1805, 986
1506, 1510, 1805, 986
1506, 1510, 1805, 986
1506, 1510, 1805, 986
1506, 1510, 1805, 986
1506, 1510, 1805, 986
1506, 1510, 1805, 986
1506, 1510, 1805, 986
1506, 1510, 1805, 986
1506, 1510, 1805, 986
1506, 1510, 1805, 986
1506, 1510, 1805, 986
1506, 1510, 1805, 986
1506, 1510, 1805, 986
1506, 1510, 1805, 986
1506, 1510, 1805, 986
1506, 1510, 1805, 986
1506, 1510, 1805, 986
1506, 1510, 1805, 986
1506, 1510, 1805, 986
1506, 1510, 1805, 986
1506, 1510, 1805, 986
1506, 1510, 1805, 986
1506, 1510, 1805, 986
1506, 1510, 1805, 986
1506, 1510, 1805, 986
1506, 1510, 1805, 986
1506, 1510, 1805, 986
1506, 1510, 1805, 986
1506, 1510, 1805, 986
1506, 1510, 1805, 986
1506, 1510, 1805, 986
1506, 1510, 1805, 986
1506, 1510, 1805, 986
1506, 1510, 1805, 986
1506, 1510, 1805, 986
1506, 1510, 1805, 986
1506, 1510, 1805, 986
1506, 1510, 1805, 986
1506, 1510, 1805, 986
1506, 1510, 1805, 986
1506, 1510, 1805, 986
1506, 1510, 1805, 986
1506, 1510, 1805, 986
1506, 1510, 1805, 986
1506, 1510, 1805, 986
1506, 1510, 1805, 986
1506, 1510, 1805, 986
1506, 1510, 1805, 986
1506, 1510, 1805, 986
1506, 1510, 1805, 986
1506, 1510, 1805, 986
1506, 1510, 1805, 986
1506, 1510, 1805, 986
1506, 1510, 1805, 986
1506, 1510, 1805, 986
1506, 1510, 1805, 986
1506, 1510, 1805, 986
1506, 1510, 1805, 986
1506, 1510, 1805, 986
1506, 1510, 1805, 986
1506, 1510, 1805, 986
1506, 1510, 1805, 986
1506, 1510, 1805, 986
1506, 1510, 1805, 986
1506, 1510, 1805, 986
1506, 1510, 1805, 986
1506, 1510, 1805, 986
1506, 1510, 1805, 986
1506, 1510, 1805, 986
1506, 1510, 1805, 986
1506, 1510, 1805, 986
1506, 1510, 1805, 986
1506, 1510, 1805, 986
1506, 1510, 1805, 986
1506, 1510, 1805, 986
1506, 1510, 1805, 986
1506, 1510, 1805, 986
1506, 1510, 1805, 986
1506, 1510, 1805, 986
1506, 1510, 1805, 986
1506, 1510, 1805, 986
1506, 1510, 1805, 986
1506, 1510, 1805, 986
1506, 1510, 1805, 986
1506, 1510, 1805, 986
1506, 1510, 1805, 986
1506, 1510, 1805, 986
1506, 1510, 1805, 986
1506, 1510, 1805, 986
1506, 1510, 1805, 986
1506, 1510, 1805, 986
1506, 1510, 1805, 986
1506, 1510, 1805, 986
1506, 1510, 1805, 986
1506, 1510, 1805, 986
1506, 1510, 1438, 999
1506, 1510, 1389, 999
1506, 1510, 1297, 997
1506, 1510, 1242, 995
1506, 1510, 1212, 995
1506, 1510, 1205, 995
1506, 1510, 1203, 995
1506, 1510, 1203, 995
1506, 1510, 1203, 995
1506, 1510, 1203, 995
1506, 1510, 1203, 995
1506, 1510, 1203, 995
1506, 1510, 1203, 995
1506, 1510, 1203, 995
1506, 1510, 1203, 995
1506, 1510, 1203, 995
1506, 1510, 1203, 995
1506, 1510, 1203, 995
1506, 1510, 1203, 995
1506, 1510, 1203, 995
1506, 1510, 1203, 995
1506, 1510, 1233, 995
1506, 1510, 1272, 997
1506, 1510, 1317, 997
1506, 1510, 1369, 997
1506, 1510, 1445, 997
1506, 1510, 1487, 999
1506, 1510, 1505, 1001
1506, 1510, 1505, 1001
1506, 1510, 1505, 1001
1506, 1510, 1505, 1001
1506, 1510, 1507, 1001
1506, 1510, 1507, 1001
1506, 1510, 1507, 1001
1506, 1510, 1507, 1001
1506, 1510, 1507, 1001
1506, 1510, 1507, 1001
1506, 1510, 1507, 1001
1506, 1510, 1507, 1001
1506, 1510, 1507, 1001
1506, 1510, 1507, 1001
1506, 1510, 1507, 1001
1506, 1510, 1507, 1001
1506, 1510, 1507, 1001
1506, 1510, 1507, 1001
1506, 1510, 1507, 1001
1506, 1510, 1507, 1001
1506, 1510, 1507, 1001
1506, 1510, 1507, 1001
1506, 1510, 1507, 1001
1506, 1510, 1507, 1001
1506, 1510, 1507, 1001
1506, 1510, 1507, 1001
1506, 1510, 1507, 1001
1506, 1510, 1507, 1001
1506, 1510, 1507, 1001
1506, 1510, 1507, 1001
1506, 1510, 1507, 1001
1506, 1510, 1507, 1001
1506, 1510, 1507, 1001
1506, 1510, 1507, 1001
1506, 1510, 1507, 1001
1506, 1510, 1507, 1001
1506, 1510, 1507, 1001
1506, 1510, 1507, 1001
1506, 1510, 1507, 1001
1506, 1510, 1507, 1001
1506, 1510, 1507, 1001
1506, 1510, 1507, 1001
1506, 1510, 1507, 1001
1506, 1510, 1507, 1001
1506, 1510, 1507, 1001
1506, 1510, 1507, 1001
1506, 1510, 1507, 1001
1506, 1510, 1507, 1001
1506, 1510, 1507, 1001
1506, 1510, 1507, 1001
1506, 1510, 1507, 1001
1506, 1510, 1507, 1001
1506, 1510, 1507, 1001
1506, 1510, 1507, 1001
1506, 1510, 1507, 1001
1506, 1510, 1507, 1001
1506, 1510, 1507, 1001
1506, 1510, 1507, 1001
1506, 1510, 1507, 1001
1506, 1510, 1507, 1001
1506, 1510, 1507, 1001
1506, 1510, 1507, 1001
1506, 1510, 1507, 1001
1506, 1510, 1507, 1001
1506, 1510, 1507, 1001
1506, 1510, 1507, 1001
1506, 1510, 1507, 1001
1506, 1510, 1507, 1001
1506, 1510, 1507, 1001
1506, 1510, 1507, 1001
1506, 1510, 1507, 1001
1506, 1510, 1507, 1001
1506, 1510, 1507, 1001
1506, 1510, 1507, 1003
1506, 1510, 1509, 1003
1506, 1510, 1509, 1003
1506, 1510, 1509, 1003
1506, 1510, 1509, 1003
1506, 1510, 1509, 1003
1506, 1510, 1509, 1003
1506, 1510, 1509, 1003
1506, 1510, 1509, 1003
1506, 1510, 1509, 1003
1506, 1510, 1509, 1003
1506, 1510, 1509, 1003
1506, 1510, 1509, 1003
1506, 1510, 1509, 1003
1506, 1510, 1509, 1003
1506, 1510, 1509, 1003
1506, 1510, 1509, 1003
1506, 1510, 1509, 1003
1506, 1510, 1509, 1003
1506, 1510, 1509, 1003
1506, 1510, 1509, 1003
1506, 1510, 1509, 1003
1506, 1510, 1509, 1003
1506, 1510, 1509, 1003
1506, 1510, 1509, 1003
1506, 1510, 1509, 1003
1506, 1510, 1509, 1003
1506, 1510, 1509, 1003
1506, 1510, 1509, 1003
1506, 1510, 1509, 1003
1506, 1510, 1509, 1003
1506, 1510, 1509, 1003
1506, 1510, 1509, 1003
1506, 1510, 1509, 1003
1506, 1510, 1509, 1003
1506, 1510, 1509, 1003
1506, 1510, 1507, 1003
1506, 1510, 1507, 1003
1506, 1510, 1507, 1003
1506, 1510, 1507, 1003
1506, 1510, 1507, 1003
1506, 1510, 1507, 1003
1506, 1510, 1507, 1003
1506, 1510, 1507, 1003
1506, 1510, 1507, 1003
1506, 1510, 1507, 1003
1506, 1510, 1507, 1003
1506, 1510, 1507, 1003
1506, 1510, 1507, 1005
1506, 1510, 1507, 1005
1506, 1510, 1507, 1005
1506, 1510, 1507, 1005
1506, 1510, 1507, 1005
1506, 1510, 1507, 1005
